0,0,0,0,0,0,0,0,0,0,0,0,0,0,0,0,
0,0,0,0,0,0,0,0,0,0,0,0,0,255,255,255,
255,255,255,255,255,255,255,255,255,255,255,255,255,255,255,255,
255,255,255,255,255,255,255,255,255,0xfc,170,170,170,170,170,170,
170,170,170,170,170,170,170,170,170,170,170,170,170,170,170,170,
170,0xa0,170,170,170,170,0xa8,85,85,85,85,85,85,85,85,85,
85,85,85,85,85,85,85,85,85,85,85,85,84,0,0,0,
0x05,0x50,0x05,84,170,170,170,170,170,170,170,170,170,170,170,170,
170,170,170,170,170,170,170,170,170,170,0,0,0,0,0,0,
0xa8,85,85,85,0x41,0x15,85,85,85,85,85,85,85,85,85,85,
85,85,85,85,85,85,84,0x1f,0xfc,0,0,0,0,84,170,170,
0xa8,0x07,0xc0,0x2a,170,170,170,170,170,170,170,170,170,170,170,170,
170,170,170,0xa8,0x3f,255,255,0xfc,0,0,0x28,255,255,0xf8,0x1d,0xe0,
0x3f,255,255,255,255,255,255,255,255,255,255,255,255,255,255,255,
0xf8,0x38,0x8b,255,255,255,0xfc,0x04,0,0,0,0x78,0x70,0,0,0,
0,0,0,0,0,0,0,0,0,0,0,0,0,0,0x30,0x03,
0xc0,0x07,255,255,0,34,34,0x21,0xf1,0x38,34,34,34,34,34,34,
34,34,34,34,34,34,34,34,34,34,0x20,0x62,0x23,0xe2,0x27,0xa2,
0x27,0,0,0,0x07,128,0x1e,0,0,0,0,0,0,0,0,0,
0,0,0,0,0,0,0,0,0x60,0x07,128,0x07,128,0x07,0,136,
136,0x1e,0x44,0x47,0,0x08,136,136,136,136,136,136,136,136,136,136,
136,136,136,136,136,0xc8,0x8f,136,0x8f,136,0x8f,128,0,0,0x7c,0,
0x07,128,0,0,0,0,0,0,0,0,0,0,0,0,0,0,
0,0,0xc0,0x0f,0,0x0f,0,0x0f,128,0x20,0x01,255,0x11,0x1f,0xc0,0x02,
34,34,34,34,34,34,34,34,34,34,34,34,34,34,0x01,0xa2,
0x2f,34,0x3f,34,0x2e,128,0,0x07,0x9f,0,127,0xf0,0,0,0,0,
0,0,0,0,0,0,0,0,0,0,0,0x01,128,0x1f,0,0x1e,
0,0x0c,128,136,0x1e,0x4f,0xc4,0xfe,0x78,0x08,136,136,136,136,136,136,
136,136,136,136,136,136,136,136,0x83,0xfd,0xbe,136,0xbe,136,0x9e,0xc0,
0,0x78,0x07,0xc3,0xf8,0x1c,0,0,0,0,0,0,0,0,0,0,
0,0,0,0,0,0x07,255,255,0x50,0x3e,0,0x18,0xc0,0x21,0xf1,0x11,
255,0xf1,0x1e,0x02,34,34,34,34,34,34,34,34,34,34,34,34,
34,34,0x07,255,255,255,0xfe,0xa2,0x3a,0xc0,0x07,128,0,255,128,0x07,
128,0,0,0,0,0,0,0,0,0,0,0,0,0,0,0x06,
255,255,255,255,255,0x78,0x40,0x8f,0x44,0x44,0xfe,0x44,0x45,0xc8,136,136,
136,136,136,136,136,136,136,136,136,136,136,136,0x8c,136,0xfe,170,
0xbf,255,0xfa,0xc0,0x07,128,0x03,0xfe,0,0x01,0xe0,0,0,0,0,0,
0,0,0,0,0,0,0,0,0,0x0c,0,127,85,0x7d,0x5f,0xf0,
0xc0,0x27,0xd1,0x1f,255,0x91,0x17,0xe2,34,34,34,34,34,34,34,34,
34,34,34,34,34,34,0x1a,34,255,170,0xbe,170,0xba,128,0x03,0xf0,
0x3f,0x8f,128,0x1f,0xe0,0,0,0,0,0,0,0,0,0,0,0,
0,0,0,0x18,0,0xdf,85,0x5f,85,0x59,128,0x8b,0x74,255,0x47,0xe4,
127,0x68,136,136,136,136,136,136,136,136,136,136,136,136,136,128,
0x38,0x89,0xcf,170,0xbe,170,0xbb,128,0x03,0x3f,0xfc,0x01,0xf1,0xfa,0xe0,0,
0,0,0,0,0,0,0,0,0,0,0,0,0,0x30,0x01,0x8f,
0xd5,0x5f,85,0x5b,0,0x23,0x5f,0xf1,0x11,0xfb,0xf5,0x62,34,34,34,34,
34,34,34,34,34,34,34,34,34,0x20,0x62,0x23,0x87,170,0xaf,170,
0xbf,0,0x01,0x8f,128,0,127,170,0xa0,0,0,0,0,0,0,0,
0,0,0,0,0,0,0,0x60,0x03,0x87,255,0x5f,85,0x5f,0,255,
0xd7,0xc4,0x44,127,85,0x61,255,255,255,255,255,255,255,255,255,255,
255,255,255,0xe0,0xfa,0x8f,0x03,255,255,0xfa,0xae,0x0c,0x01,0x87,0xc0,0,
0xfe,170,0xb0,0,0,0,0,0,0,0,0,0,0,0,0,0,
0,255,255,0x06,0,0x3f,255,0xfe,0,170,0xd7,0xf1,0x11,255,85,0x70,
170,170,170,170,170,170,170,170,170,170,170,170,170,0xa8,255,0xfe,
0x06,0,0,0x1f,0xfc,0x08,0,0xe3,0xf0,0x0f,0xee,170,0xb0,0,0,0,
0,0,0,0,0,0,0,0,0,0,0,0x75,0x7e,0x0c,0,0,
0,0,0,170,0x77,0xfc,0x5f,0x5f,85,0x70,170,170,170,170,170,170,
170,170,170,170,170,170,170,0xa8,0x6a,0xaf,0x0c,0,0,0,0,0x08,
0,0x3b,0x9e,0x7e,0xae,0xab,0xf0,0,0,0,0,0,0,0,0,0,
0,0,0,0,0,0x35,87,0x18,0,0,0,0,0,170,0x1f,0xdf,
0xfd,87,87,0xc0,170,170,170,170,170,170,170,170,170,170,170,170,
170,170,0x3a,0xab,0x98,0x2a,170,170,170,0xa8,0,0x0f,0xc7,0xea,0xaf,0xaf,
0,0,0,0,0,0,0,0,0,0,0,0,0,0,0,0x1d,
85,0x90,0,0,0,0,0,170,0xa7,0xd7,0xd5,87,0x5c,0,170,170,
170,170,170,170,170,170,170,170,170,170,170,170,0x1a,0xab,0xf0,0x2a,
170,170,170,0xa8,0,0x03,0xc1,170,0xaf,0xf0,0,0,0,0,0,0,
0,0,0,0,0,0,0,0,0,0x0d,85,0xf0,0,0,0,0,
0,170,0xa1,0xd5,0xd5,87,0xe0,0,170,170,170,170,170,170,170,170,
170,170,170,170,170,170,0x0f,255,0xe0,0,170,170,170,0xa8,0,0,
225,170,0xaf,128,0,0,0,0,0,0,0,0,0,0,0,0,
0,0,0,0,127,0xe0,0,0,0,0,0,170,0xa0,0x35,0xd5,0x5e,
0x0a,170,170,170,170,170,170,170,170,170,170,170,170,170,170,170,
0,0,0xc0,0,170,170,170,0xa8,0,0,0x19,0xea,0xf8,0,0,0,
0,0,0,0,0,0,0,0,0,0,0,0,0,0,0,0,
0,0,0,0,0,255,255,0xfd,0xd5,0xf0,0x1f,255,255,255,255,255,
255,255,255,255,255,255,255,255,255,255,0xf8,0,0,0,0x07,255,
255,0xfc,0,0,0x07,0xeb,0xc0,0,0,0,0,0,0,0,0,0,
0,0,0,0,0,0,0,0,0,0,0,0,0,0,0,136,
136,0x8b,255,0x08,136,136,136,136,136,136,136,136,136,136,136,136,
136,136,136,136,136,0,0,0x7c,0,0x08,136,136,0,0,0x01,0xfc,
0,0,0,0,0,0,0,0,0,0,0,0,0,0,0,0,
0,0,0,0x03,255,128,0,0,0,34,34,0x20,0xf8,0x02,34,34,
34,34,34,34,34,34,34,34,34,34,34,34,34,34,0x20,0,
0x1f,0x23,0xf0,0x02,34,0x20,0,0,0,0x60,0,0,0,0,0,0,
0,0,0,0,0,0,0,0,0,0,0,0,0,0xfc,0x01,0xf8,
0,0,0,136,136,136,136,0,0,0x08,136,136,136,136,136,136,
136,136,136,136,136,136,136,136,136,0x07,0xc8,0x8b,0xf8,0,136,136,
0,0,0,0,0,0,0,0,0,0,0,0,0,0,0,0,
0,0,0,0,0,0,0x0f,128,0x1f,0xf8,0,0,0,34,34,34,
0,0,0,0x02,34,34,34,34,34,34,34,34,34,34,34,34,
34,34,0x20,0x0f,0xe3,255,0xb8,0x02,34,0x20,0,0,0,0,0,0,
0,0,0,0,0,0,0,0,0,0,0,0,0,0,0,0,
0x0f,0xf7,0xfd,0x58,0,0,0,136,136,136,0,0x17,255,0xf8,0,136,
136,136,136,136,136,136,136,136,136,136,136,136,136,0x8e,255,0xea,
0xbc,0,0x08,136,0,0,0,127,255,255,0xfe,0,0,0,0,0,
0,0,0,0,0,0,0,0,0,0,0x04,0x1f,85,0x5c,0,0,
0,34,34,0x20,0x7b,0x5f,0x11,0x3f,0x02,34,34,34,34,34,34,34,
34,34,34,34,34,34,34,0x06,0x2e,170,0xac,0,0x02,0x20,0,0,
0,0x60,0x0f,0,0x3b,0xc0,0,0,0,0,0,0,0,0,0,0,
0,0,0,0,0x06,0x0d,85,0x5c,0x02,0,0,136,136,128,0xc4,0x4e,
0x44,0x75,0xe0,0x08,136,136,136,136,136,136,136,136,136,136,136,136,
136,0x06,0x8e,170,0xac,0x1f,0xc0,0x08,0,0,0,0xc0,0x1e,0,0x7a,0xf8,
0,0,0,0,0,0,0,0,0,0,0,0,0,0,0x06,0x0f,
85,87,0xfd,0xf0,0,34,34,0x20,0x91,0x1f,0x11,0x75,0x7c,34,34,34,
34,34,34,34,34,34,34,34,34,34,34,0x02,0x2e,170,0xaf,0xea,
0xbe,0,0,0,0x01,128,0x3c,0,0x6a,0xac,0,0,0,0,0,0,
0,0,0,0,0,0,0,0,0x03,0x07,85,87,0,0x1f,0,136,
136,0x81,0xc4,0x7c,0x44,0xf5,0x56,0x08,136,136,136,136,136,136,136,136,
136,136,136,136,136,0x03,0x8e,170,0xae,170,0xbf,0x08,0,0,0x01,0,
0x3c,0,0xea,0xae,0,0,0,0,0,0,0,0,0,0,0,0,
0,0,0x03,0x07,85,87,0x01,255,0,0,0,0x03,0x11,0x39,0x11,0xd5,
0x56,0,0,0,0,0,0,0,0,0,0,0,0,0,0,0x03,
0x27,170,0xaf,0xaf,0xfb,128,255,255,0x03,0,0x78,0x01,0xea,0xae,127,255,
255,255,255,255,255,255,255,255,255,255,255,0xfc,0x01,0x83,85,0x5f,
127,0xd5,128,170,170,0x02,0x44,0x7c,0x45,0xd5,0x5c,0x2a,170,170,170,170,
170,170,170,170,170,170,170,170,0xa8,0x01,0x8f,170,255,0xfe,0xab,128,
0,0,0x06,0,0xf0,0x01,170,0xac,0,0,0,0,0,0,0,0,
0,0,0,0,0,0,0x01,0xe3,0xd7,255,0xf5,85,128,170,0xa0,0x05,
0x11,0xf1,0x13,0xd5,0x5c,0x2a,170,170,170,170,170,170,170,170,170,170,
170,170,0,0x03,0xfb,0xbf,255,0xea,0xab,128,0,0,0x0e,0,0xe0,0x03,
170,0xb8,0,0,0,0,0,0,0,0,0,0,0,0,0,0,
0x1f,255,255,255,0xf5,85,128,0xa8,0,0x0f,255,255,255,0xd5,0x58,0x2a,
170,170,170,170,170,170,170,170,170,170,170,0xa0,0,255,255,255,
0xeb,0xea,170,0xc0,0x01,255,255,255,255,255,170,0xb8,0,0,0,0,
0,0,0,0,0,0,0,0,0,0x07,0xe0,127,255,87,0xf5,85,
0xc0,0x81,255,255,255,255,0x5f,0xf5,0x58,0x2a,170,170,170,170,170,170,
170,170,170,170,170,0xa0,0x3f,170,0xbf,0xfa,0xab,0xea,170,0xc0,0x03,0,
0x7a,0xdf,255,0,0xfa,0xb0,0,0,0,0,0,0,0,0,0,0,
0,0,0,0xf8,0,0x3f,0xd5,85,0xf5,85,0xc0,0x83,0x44,0xfc,0x47,255,
0xd5,0x7d,0x70,0x3f,255,255,255,255,255,255,255,255,255,255,255,225,
0xea,0xab,255,0xea,0xab,0xea,170,0xc0,0x06,0,0xf0,0x03,0xbf,0xe0,0x1f,0xb0,
0,0,0,0,0,0,0,0,0,0,0,0,0x01,0xf0,0x07,0xf7,
0xd5,85,0xf5,85,0x40,0x07,0x11,0xf1,0x13,87,0xfd,87,0xe2,34,34,34,
34,34,34,34,34,34,34,34,34,0x21,0xfa,0xbf,0xef,0xea,0xab,0xfa,
170,0xe0,0x06,0x01,0xf0,0x07,0xab,255,255,0xe0,0,0,0,0,0,0,
0,0,0,0,0,0,0x01,0xbd,255,87,0xd5,85,0xf5,87,0xe0,0x8c,
0x45,0xe4,0x47,85,255,255,0xe0,136,136,136,136,136,136,136,136,136,
136,136,136,128,0x8f,0xfa,0xab,0xea,170,0xfa,0xbf,128,0x0c,0x01,0xe0,0x06,
170,0xb8,0,0,0,0,0,0,0,0,0,0,0,0,0,0,
0,0xc7,0xd5,87,0xf5,85,0xf5,0xfc,0,0x0d,0x13,0xf1,0x1f,85,0x70,0,
0x02,34,34,34,34,34,34,34,34,34,34,34,34,0x20,0xe3,170,
0xab,0xea,170,0xfb,0xe0,0,0x18,0x03,0xc0,0x0e,170,0xb0,0,0,0,0,
0,0,0,0,0,0,0,0,0,0,0,0xc3,0xd5,87,0xf5,85,
127,128,0,0x1c,0x47,0xc4,0x4d,85,0x60,136,136,136,136,136,136,136,
136,136,136,136,136,136,136,136,0xcb,170,0xab,0xea,0xab,0xfc,0,0,
0x10,0x07,0xc0,0x1e,170,0xe0,0,0,0,0,0,0,0,0,0,0,
0,0,0,0,0,0x43,0xd5,85,0xf5,87,0xe0,0,0,0x31,0x17,0x91,
0x1d,85,0x62,34,34,34,34,34,34,34,34,34,34,34,34,34,
34,0x20,0x63,170,0xab,0xfa,0xbf,0,0x02,0x20,0x30,0x07,128,0x1a,170,0xc0,
0,0,0,0,0,0,0,0,0,0,0,0,0,0,0,0x61,
0xd5,85,0xf5,0xfc,0,0,0,0x7e,0xcf,0xc4,0x7d,85,0xc0,136,136,136,
136,136,136,136,136,136,136,136,136,136,136,136,0x69,0xea,0xab,255,
0xe0,0,0x08,136,127,255,0xa0,0x3a,170,0xc0,0,0,0,0,0,0,
0,0,0,0,0,0,0,0,0,0x21,0xd5,85,255,0,0,0,
0,0x3f,255,255,0xf5,85,0xc2,34,34,34,34,34,34,34,34,34,
34,34,34,34,34,0x20,0x33,0xea,0xab,0xfc,0,0x02,34,0x20,0x0f,0x87,
255,0xfe,0xab,128,0,0,0,0,0,0,0,0,0,0,0,0,
0,0,0,0x10,0xd5,87,0xe0,0,0,0,0,0x01,0xe5,0xfc,0x5f,85,
128,136,136,136,136,136,136,136,136,136,136,136,136,136,136,136,
0x9c,0xea,0xbf,0,0x08,136,136,136,0,0x78,0x7e,0x07,0xeb,128,0,0,
0,0,0,0,0,0,0,0,0,0,0,0,0,0x0f,0xf5,0xf8,
0,0,0,0,0,0,0x1f,255,0x91,0xf7,0x02,34,34,34,34,34,
34,34,34,34,34,34,34,34,34,34,0x07,0xef,0xe0,0x02,34,34,
34,0x20,0,0x07,255,225,255,0,0,0,0,0,0,0,0,0,
0,0,0,0,0,0,0,0x01,255,0,0,0,0,0,0,0,
0,0x03,255,255,0,0,0,0,0,0,0,0,0,0,0,0,
0,0,0,0,0,0xf8,0,0,0,0,0,0,255,255,0xe0,0x03,
0xfe,0x1f,255,255,255,255,255,255,255,255,255,255,255,255,255,255,
255,128,0x60,0,0x07,255,255,255,0xfc,85,85,0x40,0,0,0x15,85,
85,85,85,85,85,85,85,85,85,85,85,85,85,85,0,0,
0x01,85,85,85,85,84,170,170,0xa8,0,0,0x0a,170,170,170,170,
170,170,170,170,170,170,170,170,170,170,170,128,0,0x02,170,170,
170,170,0xa8,85,85,85,84,0,0x15,85,85,85,85,85,85,85,
85,85,85,85,85,85,85,85,0,0,0x15,85,85,85,85,84,
170,170,170,170,0,170,170,170,170,170,170,170,170,170,170,170,
170,170,170,170,170,170,170,170,170,170,170,170,0xa8,85,85,85,
85,85,85,85,85,85,85,85,85,85,85,85,85,85,85,85,
85,85,85,85,85,85,85,85,85,84,255,255,255,255,255,255,
255,255,255,255,255,255,255,255,255,255,255,255,255,255,255,255,
255,255,255,255,255,255,0xfc,0,0,0,0,0,0,0,0,0,
0,0,0,0,0,0,0,0,0,0,0,0,0,0,0,0,
0,0,0,0